0101
0106
0107
0109
0117
0119
0122
0127
0129
0133
0139
0145
0146
0149
0159
0166
0169
0179
0189
0199
0203
0205
0217
0218
0219
0229
0237
0238
0245
0249
0258
0269
0278
0279
0289
0299
0301
0303
0307
0308
0313
0316
0317
0325
0327
0328
0337
0347
0357
0366
0367
0377
0378
0379
0388
0399
0401
0405
0416
0419
0423
0433
0434
0436
0437
0438
0439
0456
0458
0467
0469
0479
0502
0504
0506
0508
0511
0513
0514
0515
0517
0518
0523
0525
0529
0533
0534
0535
0539
0545
0556
0557
0558
0559
0567
0569
0577
0578
0579
0599
0605
0609
0613
0614
0617
0619
0625
0627
0634
0637
0645
0647
0649
0667
0677
0678
0702
0703
0707
0709
0711
0713
0722
0723
0728
0733
0734
0735
0736
0737
0738
0739
0744
0749
0758
0779
0805
0807
0811
0812
0813
0814
0816
0818
0819
0823
0825
0827
0829
0837
0839
0856
0901
0903
0904
0909
0911
0912
0913
0914
0915
0916
0917
0918
0919
0938
0939
0944
0946
0956
0977
0988
1104
1119
1169
1179
1199
1208
1279
1288
1299
1379
1406
1429
1439
1469
1479
1499
1502
1505
1509
1519
1609
1644
1649
1739
1803
1809
1839
1919
2238
2258
2308
2317
2367
2377
2378
2379
2467
2528
2558
2618
2703
2738
2788
2901
2907
2917
3302
3317
3337
3377
3378
3407
3409
3479
3505
3506
3507
3537
3604
3617
3644
3677
3737
3807
3822
3827
3917
4416
4456
4546
4556
4706
4733
4739
4766
4829
4901
4916
4966
5525
5545
5556
5558
5645
5646
5703
5704
5705
5737
5825
5828
5901
5905
5908
5919
6645
6649
6701
6703
6713
6834
6904
6911
6913
6914
6917
6918
7708
7723
7733
7737
7739
7802
7813
7823
7833
7834
7839
7913
8825
8827
8902
8911
8913
8922
9906
9911
9913
9914
9919
